d_x:-0.16020514097976685
d_y:0.06331142517089844
Exposure:1.0
Exp_range:0.1,0.5,1,5,10
Gain:5.0
Gain_range:1,2,5,25,50
Test mode:1
200mm finder:1
azSpeed:2.6525
altSpeed:2.295
scope_focal_length:2060
default_eyepiece:1300
Eyepiece1:8mm Ethos,8,100
Eyepiece2:10mm Ethos,10,100
Eyepiece3:13mm Ethos,13,100
Eyepiece4:21mm Ethos,21,100
